0.3823089
0.28917837
0.13172945
0.18491709
0.40631703
0.325557
-0.017525196
0.18186527
0.08912012
0.3132658
-0.35897428
-0.4624164
-0.25522512
0.13475823
-0.1564517
0.16593108
0.33500612
0.44441915
0.3543116
0.64161915
0.6258695
0.6519359
0.8689755
0.79338926
0.90115964
0.7838305
0.9010205
0.48859626
0.5012899
0.36448607
0.31264782
0.6186168
0.44805014
0.55255795
0.5286088
0.2978691
0.6327634
0.39593214
0.46133024
0.5341245
0.5847081
0.90787506
0.7307612
0.4683811
0.48520473
0.17325982
0.44976696
0.5898755
0.5547169
0.4736923
0.3031553
0.29747927
0.020914942
0.45528457
0.22242716
0.41155258
0.2997619
0.16318822
0.7843955
0.7275802
0.70274806
0.20716482
0.16849902
0.1519919
0.30705404
0.019735605
0.08238569
-0.1394214
-0.37202018
-0.23481315
0.03873411
-0.22724879
0.075238466
0.052337468
0.54213274
-0.091234505
0.30260098
0.5599187
0.72098315
0.538889
0.5709346
0.73662543
0.66051793
0.50624216
0.8067305
0.95798373
0.99804765
0.89841235
0.96282876
1.0375438
1.1042998
0.9948038
0.83037174
0.9716195
0.30579033
0.36950994
0.5425242
0.7444652
0.6445032
0.648111
0.761109
0.6712588
0.80062306
0.69136155
0.7182403
0.9599263
1.1930599
1.2169404
1.0981195
0.91721374
0.89842135
0.8878311
1.1114525
0.00908798
-0.34308028
-0.23614305
-0.16106361
-0.17472136
-0.034221172
0.153546
0.14248005
0.0008574426
-0.2176907
0.24110743
0.13982636
0.1722036
0.3934334
0.56511056
0.68678224
0.45369005
0.9129809
1.1347618
1.1348628
1.0867097
1.1423258
1.2047774
0.855654
0.71207255
1.1931722
0.6635219
0.9398832
-0.95663714
-1.2730464
0.29517305
0.74088776
-1.2470812
0.62079495
0.27030563
0.75849605
-2.3087707
-2.5035622
-1.5295312
-1.0757821
-1.8809898
-1.7069032
-2.599688
-2.1222823
-1.893235
-1.6597059
-2.2463627
-2.8185418
-1.8304632
-0.71061575
-0.17964077
-0.24818343
0.18589756
0.5341983
0.48647982
0.6350712
0.742604
1.0568135
0.8071269
0.27839
0.866459
1.0713539
1.0348842
0.9601189
1.1840528
0.4327771
0.9595903
0.6819876
0.91745365
1.0037706
-0.07073712
0.70953166
0.83276594
0.83483946
0.15784168
0.6252106
0.46524465
0.57273775
0.88674474
0.76449287
0.5352242
0.56652296
0.30179083
0.15564504
0.28440058
-0.71853745
0.06665906
-0.21547806
0.17808363
0.24566728
-0.45965856
-0.34724826
-0.018314004
-0.31753832
-0.2268905
-0.47098798
-0.8982601
-2.3249836
-1.2317933
-0.21488148
0.009487838
-0.30420935
0.2907807
0.2898916
0.322699
0.46202594
0.28470746
0.55284333
0.74959934
-0.25723475
-2.4392958
-0.56613874
0.6459454
0.22196761
0.82943237
0.39816254
0.109329194
-0.0884822
-1.2100521
-2.1018915
-1.7211397
-1.0520891
-0.6558976
-0.7401216
0.039320946
-0.07528746
0.084971905
0.29639596
0.39815283
-0.7770802
-2.2215922
-2.221207
-1.317322
-0.93792176
-0.7836219
-0.89393294
-0.26702797
0.3713551
0.6506275
0.10171619
0.09933826
-1.0989685
-0.060890913
0.29368997
0.56036484
-0.4268846
0.1590986
0.117667764
0.30340528
0.6087487
0.16800985
-0.20115596
0.9162941
1.0110359
0.43766734
0.3741494
-0.3895045
0.33963495
-0.28097212
-0.030307472
-0.07535446
-0.30537337
-0.7905679
-0.13967669
-0.7333429
-0.9330616
-1.0962366
-0.5503001
-1.0410553
-0.94089913
-1.0382843
-0.80703187
-1.0744121
-0.571329
-0.07548308
0.0832479
-1.2788053
-0.4970593
-0.7576026
-0.006506324
0.5798771
-0.05024159
0.23011822
0.18831661
0.6706569
0.741615
0.71740866
0.28945452
0.59327734
0.044588
-1.0175174
-1.6446369
-2.4682815
-1.3615848
-2.5766044
-0.37037104
-2.729742
-1.6068091
-0.41417837
-0.81323063
-0.18154484
0.2311061
0.13963875
0.35160998
0.59103286
0.40555897
0.19071671
0.15448403
0.2947542
0.67983043
0.7724069
0.871091
0.32510144
-2.6325629
-0.50933623
0.3577143
-2.7021124
0.0121512115
0.22909933
0.12755498
0.15165484
-0.2788399
-0.25556523
0.009026378
0.27262354
0.42113227
0.2962044
0.2612558
0.010218322
0.5718964
0.7877465
0.38520575
0.6648582
0.8166629
0.4050215
0.36959344
0.24497312
0.27089834
-0.010856032
0.31277412
0.5531416
-0.81762743
-0.44476998
0.22340044
-0.45853108
-0.09758896
1.1465545
1.252
-0.44770145
0.068614095
0.6567211
0.19684026
0.8411455
0.7753917
0.46316624
0.054460734
0.7330586
1.5460986
0.27371883
0.4077518
0.7232199
0.6613131
0.9525999
0.627395
1.1132661
0.79520154
0.118768394
-0.25765407
0.2653246
0.5588278
0.69702446
0.6844419
0.2669381
0.6004012
0.9229872
0.5408558
0.7322647
0.7459643
0.33700818
0.47114617
0.38656977
0.59140503
-0.34255606
0.27460504
0.51771015
0.7039406
0.46551672
0.14715251
-0.7532898
-0.22612214
0.21106827
0.5574498
-0.22389072
0.0482288
-0.101692915
-0.33656025
-1.9238486
-1.3011361
-0.488128
0.045919657
0.22741687
-0.13844961
-0.5519428
-0.485381
-0.121979654
-0.39436787
-1.8614678
-0.4172498
0.17284548
0.06257588
-1.3823845
-1.237297
-1.3846217
-0.9356253
-0.6613877
-0.89138687
-1.5975695
-1.9263766
-2.3878183
-1.7441428
-0.7372693
-0.43249744
-0.103758454
-0.39860535
-0.37715518
-0.9435483
-0.7589487
-0.14544195
-0.8579445
-0.6568297
-0.17461741
0.10135588
0.4832689
0.23862275
-0.68405414
-0.040681124
0.48413247
0.77688223
0.80624115
0.7995734
0.7119106
0.7641406
0.725389
0.44344836
0.7113294
0.40400353
0.2962733
-1.1611567
-1.7668409
-1.2761723
-1.3769666
-1.7154756
-0.86681783
-0.07330638
-0.8636987
-0.6337241
-0.74323654
-0.72560084
-2.380882
-1.4258838
-0.6896478
-0.15742987
-0.35579395
-1.6182902
-1.3284328
-1.1126835
-1.885606
-1.9681399
-1.4356502
-2.260407
-2.420221
-1.3290901
-0.07519168
0.11762449
-0.006994486
-0.27134818
0.20483893
-0.35164064
-0.08292365
0.6004038
0.5175128
0.4725096
0.6912393
0.43441227
0.54908365
0.47100005
0.407953
0.51005906
0.023430854
-2.0311272
-0.9214215
-0.706699
-0.161838
-0.13394278
-1.1887841
-0.70034385
0.32292265
-0.25044918
0.59493023
0.74914944
-0.39181405
0.72281265
0.80713546
1.0514187
1.2300357
1.070787
1.0539804
0.76297295
0.8513795
0.43511778
-0.44518304
-1.7953055
-0.8275478
0.20265117
0.7905518
-1.7243001
-0.77486277
-0.45699924
0.10287228
0.50639004
0.44654685
-1.7048438
-2.4793675
-0.52313685
-1.6990087
-1.0129112
-1.7854135
-2.583987
-1.0131587
-0.59183407
-1.0222509
-0.19954526
0.39280337
0.41060752
-0.0970943
0.3557253
0.5179451
-1.4820397
-0.43611288
-0.15758538
-0.30457515
-0.48398966
-2.1596177
-2.40482
-1.9298344
-1.0797461
-0.69434214
-0.18525791
-0.24888885
-2.1193166
-1.302263
-0.2853883
-0.023868322
0.12549761
0.36378127
-0.25696772
-1.1048466
-0.74401
0.22069189
0.52273
0.30222905
0.43048677
-0.22497898
0.19340682
0.13490158
0.028356135
-0.12594193
-0.35562652
-1.5457635
-1.9969809
-2.3656988
-2.3625352
-1.3308318
-0.6771728
-1.7739472
-1.948955
-1.3306515
-1.7909834
-2.132292
-1.7698472
-2.1497877
-1.7317545
-0.17058498
-1.05899
-0.39821333
-0.24451792
-0.92975354
0.2662028
-0.075918555
0.32852083
0.9282093
0.99778795
0.36884332
-0.1564892
-1.128167
-0.3735159
0.12385476
0.16149268
0.09937036
-0.34611434
-1.1776873
-2.2166603
-1.080656
-1.1099187
-1.1927357
-0.9989091
-1.544451
-2.487058
-2.6465356
-1.339548
-0.9204266
-0.93809307
-1.9768822
-1.3722876
-2.314407
-1.8923895
-2.2564473
-1.2365885
-1.1700104
-1.5615444
-1.5583289
-1.9252367
-0.76174486
-0.14738297
0.33227617
0.23955694
0.1624608
0.258998
0.17912987
0.13259766
0.2658936
-0.72847664
-2.8249204
-1.4311216
-0.72653186
-1.1631345
-1.0041145
-0.93731105
-0.48867744
-1.0326722
-1.1848899
-1.232165
-1.875433
-2.6496098
-2.544179
-1.9494932
-1.009703
-0.5918541
0.049225032
-0.18665814
0.0468148
0.2288805
-0.74112713
0.00783357
-0.22300172
0.4540045
0.0074486136
0.57562876
-0.14307308
0.49199927
0.55938256
-0.11379433
0.13875204
0.39970973
0.5461872
-0.4826305
-0.11254519
0.11003074
0.38082424
0.43120903
0.45607644
0.14815512
-0.19888127
-0.40355104
-0.31931734
-0.26883292
-0.17055619
0.363528
0.4248074
-0.29080433
-0.5303967
-2.0791812
0.39320272
-0.39227337
0.1930727
0.0582048
0.06860122
-0.85790825
-0.8489475
-0.9430845
-0.164877
-0.4097767
-0.20675397
0.06979203
0.3459645
0.29445988
0.22078142
0.32658523
0.10448295
0.20938209
0.02479878
0.28097373
0.29813248
0.308582
0.19745895
-0.2566207
0.15625131
0.33548862
0.17682847
0.18706244
-0.04849124
0.39994135
-0.2420904
0.0047884285
0.20477712
0.09118375
-1.0564468
-0.4708398
-0.3744418
-0.101679385
-0.10704541
0.0044697225
-0.021729589
-0.05104381
-0.14690602
-0.46933526
-0.6463989
-0.32320714
-1.2659038
-0.3360104
0.36466992
0.30643827
-0.40788114
-0.54597676
-1.122028
-0.61413336
-0.191989
0.013250202
-0.20033753
0.085905075
-0.52914
-2.4624612
-1.6689057
-0.7170638
-0.050171733
-0.049535215
0.41203904
0.11711386
-0.26641542
-0.19703853
-0.025654912
0.18319625
0.032187194
-0.6592419
-1.2591443
-0.31996828
-0.43587685
0.018745065
0.07168463
-0.36321777
-0.15571916
-0.26805514
-2.1288915
-2.488702
-1.6063571
-0.16953003
-0.016552389
-0.40016222
0.18681547
0.35909718
0.43482047
0.06699303
-0.48083025
-0.6321665
-0.3016551
-0.7285428
-2.2506998
-1.2993246
-1.1858039
-1.0265085
-1.7465034
-2.4341738
-1.9307392
-2.2553904
-2.5251496
-1.3897238
-0.23440373
0.08343536
0.13359281
0.277691
0.2157551
0.17769802
-0.73760045
-0.6765778
-0.23917043
-0.07368851
-0.27021682
-1.5757282
-0.94128144
-0.12211865
0.04915738
0.41879666
0.3978329
0.2694429
0.5430396
0.75419414
0.8668789
0.8157842
0.3472902
0.6351048
0.7438172
0.9660423
-0.0052815676
0.36201325
0.47442418
0.41709477
0.37383527
0.32632288
0.08081058
0.4319049
0.39346397
0.15060365
0.4995798
-0.19395602
0.19409275
0.18428281
-0.06826913
0.31089967
0.55185145
0.48533103
0.14529014
-0.39585143
-0.19950223
-0.56149256
-2.1079998
-2.3088617
-1.131288
-1.376424
-2.425796
-2.6034887
-1.0051001
-0.21275759
-0.34348845
0.051668823
0.32538235
0.26668578
0.23919886
-0.87431383
-0.8752967
-0.18247986
-0.054424226
-0.23172843
-0.04771757
-0.45744973
0.058436573
0.13648018
-0.8113717
-1.9155507
-0.9100146
0.3647445
0.06419814
0.16324148
0.40012336
0.7585398
0.17858255
-1.3218454
-0.51839817
-0.03033036
-1.3931979
-0.265837
0.08714169
-0.03929943
0.17984876
0.10183707
0.107082576
0.3213923
0.21909317
0.17135069
-0.045246422
0.31221345
-0.016658425
0.057637155
-0.15913945
0.07947135
0.16028813
-1.5554476
-2.431594
-2.4568014
-0.982479
-1.3809993
0.10890505
-0.32899177
0.16464415
-0.08756745
0.13984737
-0.1520803
0.08515173
0.0908182
0.08212441
-1.008965
-0.48046714
-0.38764745
-1.0541067
-2.2517262
-0.83556795
-0.30818814
-0.8053032
-0.61232245
-2.0305147
-2.2929716
-1.2323642
-0.42025703
-0.36917406
-0.051047683
-0.43427175
-0.38231772
-0.21102017
0.03654656
0.16859943
0.17422038
-1.0991287
-0.30120736
0.18870553
0.13588536
0.33724663
-0.13803738
-0.37012863
-0.55195594
-0.78591096
-0.546656
-0.39796788
-0.45509422
-0.48194677
-0.19883758
-0.19645804
0.17260939
0.7528596
0.6838194
0.71640694
0.57626677
0.7734246
0.49654114
0.1249679
0.058395326
0.1675277
-0.5520514
0.08399418
0.011176676
0.08040431
0.44659895
0.44278333
-1.4001801
-1.7293658
-0.1036644
-1.0678518
-1.2351495
-0.5675125
-0.96853447
-0.80500364
-0.33622992
-0.14794439
-0.15035969
-0.49612892
-0.83130133
-0.44413608
-1.8236525
-2.4831207
-1.6189687
-0.26551783
0.15497184
0.017413288
0.2202971
0.26403466
0.48808882
0.40379292
-0.26517898
-1.4629582
-0.21642077
0.3895623
0.2514705
0.08353308
-0.5942012
-0.25784552
-0.27926862
0.0534226
0.22487012
0.10068542
0.421146
0.26153547
0.17374495
-0.16253603
-0.5319091
-0.45565844
-0.49335325
-0.01926428
0.11733374
0.35706267
0.088369906
0.4100453
0.683308
1.0154548
0.66639036
0.91856045
1.0606012
-0.36601382
0.43600067
0.47253403
0.553005
0.16331518
0.078465134
0.44268367
0.13520819
-0.32721597
-0.31867075
0.09317389
-2.4674025
-1.7735939
-0.3144468
-0.06866473
0.2521302
0.3461794
0.6539242
-0.8893161
-2.394445
-0.7504623
-1.4864467
-1.5539725
-0.33743715
0.33147982
0.49309537
0.32730067
0.20229161
-0.6347691
-0.11426157
0.095267266
0.1940166
0.1469388
0.46782988
0.6568562
0.32696968
-0.31198162
0.16441807
-1.0756319
-0.04756856
0.1910651
-0.07384318
-0.5726336
0.30848336
0.27584374
0.08466169
-0.69853795
-1.2566679
0.43282127
0.8321371
-0.38853294
-0.40409672
0.21658212
0.38177744
0.563264
0.47395122
-0.7002332
-0.3395056
-0.19817877
-0.2037149
-1.69082
-0.28461677
-0.3729154
0.12857354
0.1159406
-0.2790444
-0.922089
-0.20646656
0.5632607
0.53147626
0.45785743
0.7060246
0.97735536
-0.268744
0.23572329
-0.50466704
0.16004995
-0.4121089
0.67939866
0.5108062
-0.4748941
0.12674427
0.20964137
0.018939644
0.2433941
-0.3224625
0.61157304
0.9707902
0.05979538
-0.5932176
-0.915645
-0.9971944
-0.5197464
-0.6848668
-0.08881408
-0.022241056
0.14070162
0.0440467
0.04671061
-0.4390365
0.2793294
0.11406258
-0.27847075
0.24326128
-0.058542848
0.41651022
-0.02336824
0.68918145
-0.32509083
-0.54651153
-0.02265644
-0.046922743
-0.06450999
-0.3330992
-0.40473086
-0.14476043
0.2971401
0.17727563
0.60519934
0.6145834
0.34446716
0.63687336
0.7055861
1.0370337
0.4331238
0.77069145
-0.8198341
0.05434382
-0.7031665
-0.20972818
0.23156655
0.50004524
-0.053667486
-0.48954403
-1.2440375
-0.5007715
0.032948315
0.014793396
0.18638554
0.3428202
-0.18704557
-0.28989047
-0.029028416
0.2838279
-0.19609308
0.38011712
0.17772818
1.0330231
0.99612236
0.95996416
0.89534116
-0.16800362
-0.40808457
-0.3522191
-0.023911
-0.2323212
0.26930022
0.5617984
0.92223746
1.1132145
1.0557518
1.0746309
0.5814507
0.9674208
0.9647152
0.724236
0.43550026
0.4737802
0.37099928
0.37070975
0.62993443
-0.5125811
-0.15570742
0.2173323
-0.62036896
-0.38697344
-0.5193517
-0.20562851
-0.69133747
-0.1677391
-0.031981528
0.14353439
0.16772011
-0.21001738
-0.21317768
0.08701113
-0.27630734
-1.2145116
-1.5188756
-1.054225
-0.8683295
-0.4442551
-0.36742318
-0.5064392
-0.41590667
-0.49754763
-0.370355
0.03694564
0.16997126
0.30425823
-0.023584843
-0.024071634
-0.036613166
-0.2583202
-0.06086707
-0.45599347
0.37255394
0.5375293
0.47400102
0.5295317
0.48824313
0.24067983
0.46150598
0.40073422
0.6301821
0.6929156
0.36318642
0.41683424
0.45795432
0.34164497
-0.26380914
-0.310404
-0.07462764
-0.4267577
-0.15800524
-0.061071336
-1.3401978
-1.0600781
-1.7753675
-1.9068191
-1.900173
-2.1947298
-1.6876433
-0.45574564
0.11272222
0.14007077
0.3067023
0.1621741
0.20973635
0.5150216
0.5676347
0.3593837
0.32348412
0.29645965
0.00861147
0.25522548
-0.30473733
-0.28768563
0.1743441
0.26542157
0.23170665
-0.75265324
-0.26902032
-0.10383117
0.32914856
0.3517812
0.29344893
0.43363395
0.3948656
0.2538424
0.5544977
0.43087664
0.04262227
-0.0179286
0.31109267
-0.6969731
-0.14416695
-0.32119298
-0.18865532
-0.7835109
-0.5669695
-0.24466717
-1.048115
-0.3058347
-1.1714493
-1.9020083
-1.2054471
-1.764894
-1.3979036
-1.359288
-2.3469934
-2.3473682
-2.340663
-2.7036295
-1.6777859
-0.66838527
-0.24619526
-1.5859385
-0.52703524
-1.7308714
-1.8339396
-0.54878044
-2.1234732
-1.3694744
-0.89954007
-0.15720844
-0.57973135
-0.9717641
-0.8836585
-1.4064827
-1.3216679
-0.99854565
-0.6749718
-0.9213253
-0.36104065
-0.23584217
-0.17939359
-0.3013705
0.100467205
0.4448684
0.39645824
-0.0020501614
0.048910707
-0.11078906
-0.25397956
-0.04222375
-0.098381996
-1.8083136
-1.9246199
-1.0019855
-0.24458772
-0.53563607
-0.47853374
0.11582312
0.2067847
0.25922287
0.3753938
0.28132617
-0.94817626
-1.4345268
-0.37984145
-0.077329576
-1.0401759
-0.91787684
-1.1981477
-1.9706526
-2.0116796
-1.269564
-1.2070035
-1.1701748
-0.9838469
-0.6311163
-0.19586432
0.19092607
-0.5036739
-0.715289
-1.1903738
-0.76356053
-0.9657469
0.06396937
-0.09182423
-0.8903724
0.0014251173
-1.15205
-0.19100428
0.29374903
-1.0127832
-0.8637488
-0.6265899
-0.10857779
-0.76309264
-1.5098608
-0.85662293
-0.62048304
-0.7439498
-0.9715637
-0.6182225
-1.2444321
-1.8016343
-2.4022665
-0.69293594
-0.1285513
0.16561562
0.5239697
-0.06046492
-1.1420323
-2.1508403
-2.2071679
-2.713824
-1.4803334
-1.4749824
-1.1638198
-1.4314775
-1.0776547
-1.738014
-1.0057209
-1.7149985
-1.3617566
-0.15684205
0.2550068
-0.08031887
-0.37158954
0.1006144
-0.9341742
-0.26733243
-0.17327803
-0.631389
-1.0255463
-1.3438534
-2.2987957
-2.286007
-2.3210168
-2.2773118
-1.8163118
-0.9815061
-0.94086564
-0.441334
-1.053888
-0.7131635
-0.01041168
0.27882126
-1.1009535
-1.4758554
-1.7738225
-2.1143897
-1.1712512
-1.5790832
-2.0950258
-1.5686736
-2.0476685
-2.2665834
-2.145482
-1.7433269
-1.4923743
-1.8120213
-2.1815464
-1.8876295
-1.382529
-0.8666935
-0.58257234
-1.0962026
-1.6001804
-0.37848407
-0.2005558
-0.14569765
0.0062336028
-0.22373629
0.1888819
0.31460822
-0.18803239
0.20844951
0.64057696
0.40442932
0.8536025
1.0985231
1.010015
0.5709822
0.6693009
-0.38429463
0.22639352
-0.5043582
0.32435715
-0.23083031
-0.034864306
0.10752019
0.59737134
0.39764136
-0.10403961
-0.23757577
-1.0750828
-0.3005476
0.34760857
-0.15262866
0.06756392
-0.18906963
0.13712728
0.48850197
0.45564318
0.40025425
0.525579
0.5537372
0.54263186
0.18132874
0.5529238
0.5324772
0.45338896
-0.8819164
-1.3123199
-1.6880164
-0.58677065
-1.0354921
-0.43903846
0.22608978
0.25660163
0.17935252
0.45977962
0.10776144
0.8807931
0.727039
0.35759687
0.90166795
0.44192487
0.5425225
0.5915575
1.062027
0.7557915
0.2830999
0.5867676
-0.58922684
0.066303104
0.44728327
0.5928847
0.26911312
0.2658888
0.09627712
0.2219283
0.23514915
0.30301785
0.15825105
0.69938445
0.84385705
-0.25081438
0.6001287
-1.2281753
-0.34417856
0.3568167
0.6556214
0.54912525
0.8499203
0.7291384
-0.17324549
0.37589917
0.9053407
0.8974736
0.59490025
-0.26503068
-0.9911735
-1.8665252
-2.1305408
-0.46192235
0.5293499
0.5391477
-1.2149936
-2.295811
-1.8670855
-0.5324842
-0.5569527
-0.5355884
-0.2594428
-0.5659194
-0.13335991
0.5483612
0.2622376
0.5291808
0.39585316
0.20333198
0.44367144
0.24010202
0.39623028
0.6678955
0.80432564
0.79609597
1.0128272
1.1045737
1.0509472
-0.28533804
-0.12514335
0.16373423
-1.1531177
-1.8117337
-2.5872397
-2.5855737
-0.97573936
0.42265332
0.68980473
0.8068998
0.7646983
0.59434587
0.6463554
0.6932796
0.65918255
0.77849567
0.5855856
0.17338943
-0.23008507
-1.0854158
-1.6492767
-1.9403341
-1.8576248
-1.2040247
-0.85376465
-0.8275745
-1.9323757
-0.9893725
0.09782615
0.2608403
0.7714827
0.5237459
0.09073201
0.043602645
-0.08952743
-0.07267773
0.024156362
0.51447475
0.38752866
0.5730475
0.14681888
-0.45790464
0.6054834
0.8576397
1.046032
1.1754606
1.1836246
1.2370486
1.2913802
1.2321211
1.3514276
1.2467637
1.3832037
1.3577409
1.5549113
1.420511
1.4236951
1.4932225
1.6364161
1.4411283
1.6044959
1.5970098
1.7160316
1.1364417
1.6529554
1.4312942
1.5180526
1.2848169
1.454396
1.4243386
1.4987526
1.5516782
1.34766
1.6592842
1.2689052
0.9188328
-0.25162625
-1.7115624
-2.524791
-1.9755809
-2.5294085
0.37777683
0.59288186
0.85628605
0.42205065
0.8475871
0.9704354
0.68777657
0.7396051
0.09341118
0.08889976
-0.14045113
0.017214566
0.27340007
-0.36024654
-0.487355
-0.0038099885
0.6136682
0.8092357
0.26613173
0.55313873
0.46745068
0.781852
0.9274112
1.0877695
1.2267563
0.48149982
0.9816673
1.3072407
1.2586291
1.1293352
0.814136
0.80321836
0.9797579
0.8981422
0.997625
1.0314486
1.134367
1.1980618
1.1836953
1.1908677
0.48349455
0.7460733
1.0687988
-1.308344
-0.96352386
-0.9381825
-0.17353654
-0.7302011
0.24698988
0.52038205
0.23200819
0.81952804
0.9673038
1.0676589
1.234828
1.3109437
1.0039556
0.54521435
0.43314323
-0.87637436
-1.4764165
-2.2947545
-2.1297648
0.23281345
-2.0674279
-1.9393146
-0.6929749
-0.6596507
-1.649107
-2.6614766
-1.8066125
-1.0436925
-0.521672
0.19736126
0.17124903
-0.21264088
-0.6051729
-0.6825135
-0.03068
0.4173562
0.6880944
0.7659489
0.8922187
1.0011575
0.9086931
1.0543174
0.23614347
0.52447474
-0.24503595
0.3140555
0.49438396
0.27889574
0.5134411
0.9702034
0.8353149
0.31511238
1.0417442
0.75742936
0.83992314
0.2719251
0.3151301
0.23467109
0.28230393
0.23253438
-1.3178891
-1.0066763
-1.772531
-2.3135211
-1.1521444
-0.7493105
-0.68613505
-2.2647343
-0.593431
-1.1814171
-2.0870135
-0.086924076
0.13231298
-0.29453886
-0.18775553
-0.81896746
-0.69768465
0.27163458
-0.8972384
-1.2836797
-1.7958286
-1.4499935
-1.4631634
-0.3126518
-2.536154
-0.8753176
-1.6542115
-1.2704396
0.40037048
1.1661608
1.3540969
1.2783115
1.2008245
0.7215104
-0.3027901
-1.0445122
-0.6393627
0.34605598
0.65910953
0.7187472
-1.3789221
-0.2755912
0.58435094
0.72659147
0.9650092
0.965407
0.9637239
1.1676164
0.8328785
1.115014
0.90823627
0.799742
0.83440757
0.8317307
-0.47122914
-0.28968924
0.40314922
1.0867052
0.3804829
-0.71393204
-2.6662023
-1.017498
0.26855496
-0.7055743
0.82570934
1.1077763
0.7752931
0.05315095
0.046422273
-0.045857072
-0.8651694
0.20084545
0.7400075
0.89551854
0.45303026
0.5637249
0.54102737
0.73374814
0.37589675
-0.94483066
-0.30427748
-1.3091531
-2.2236695
-2.3673751
-0.6294526
-2.10478
-0.4828273
0.5375087
0.8751434
0.7827693
0.43559098
0.6835766
-0.20526677
0.5455358
0.7024492
0.42365378
-1.042773
-0.35395956
0.14148939
-0.032696187
-2.6214354
-0.6387737
-1.4301969
-0.27196783
0.53783923
1.0780663
1.1144407
0.70500183
-1.2651803
-0.4676677
0.58785903
0.05732891
-2.13948
-0.150594
-0.37364
-1.0322288
0.3927192
0.3826063
-1.8047485
-1.7835054
-2.546243
-2.2775552
-1.0739405
-1.1455926
-0.6532601
-0.2964099
-0.5621693
-0.50493777
-0.53766346
0.024751574
-0.6397643
0.41833743
0.17165592
0.61449194
0.5958593
0.13211456
-0.4379909
-0.0022293925
-0.5099834
-1.4568942
-0.2132945
-0.50697875
-0.5742482
-0.17093432
-0.77465105
-0.45807004
0.071849376
0.7712444
0.8436661
0.83665234
0.74499667
0.82370776
0.091922194
-0.043923438
0.019398421
-0.34715158
-0.3481645
0.1386064
0.3524966
0.2512406
-0.29984176
-0.13474876
-1.5749748
-2.416712
-2.405675
-2.4331582
-2.4431815
